536 ms
1442 1669 1532 1661 1647 1404 1586 1549 1717 1471 1422 1575 1504 1692 1834 1730 1655 1598 1498 1667 1897 1577 1690 1612 1569 1490 1613 1606 1485 1438 1536 1489 1509 1753 1659 1644 1535 1443 1510 1491 1458 1629 1779 1471 1526 1731 1536 1681 1618 1684 1481 1614 1322 1369 1741 1647 1561 1299 1603 1753 1738 1719 1590 1618
1467 1743 1640 1669 1724 1568 1728 1637 1719 1576 1433 1687 1549 1917 1942 1822 1678 1656 1563 1795 2064 1620 1757 1713 1673 1612 1662 1669 1702 1601 1772 1581 1633 1822 1780 1695 1651 1580 1530 1580 1347 1776 1898 1511 1674 1963 1696 1820 1601 1792 1568 1695 1615 1464 1878 1694 1761 1460 1705 1941 1803 1801 1647 1703
1596 1783 1430 1717 1859 1508 1873 1640 1746 1590 1501 1813 1616 1809 2017 1876 1778 1671 1691 1790 2018 1686 1811 1764 1774 1730 1679 1678 1737 1520 1731 1600 1710 1961 1854 1759 1700 1605 1690 1756 1596 1760 1914 1624 1567 1921 1704 1768 1688 1800 1582 1653 1463 1390 1751 1753 1683 1478 1740 1820 1846 1775 1700 1663
1389 1572 1477 1530 1622 1417 1532 1477 1616 1490 1377 1661 1449 1777 1790 1701 1645 1573 1509 1714 1829 1594 1728 1397 1644 1518 1565 1500 1472 1468 1567 1500 1546 1687 1706 1628 1467 1445 1542 1503 1494 1723 1738 1518 1419 1742 1556 1653 1637 1633 1395 1558 1387 1346 1618 1494 1534 1328 1508 1737 1777 1636 1574 1613
1452 1668 1503 1617 1629 1395 1705 1482 1688 1557 1403 1739 1662 1781 1814 1722 1711 1586 1580 1655 1944 1562 1674 1673 1561 1613 1541 1627 1551 1491 1650 1554 1543 1773 1738 1658 1577 1396 1551 1538 1430 1661 1885 1567 1518 1765 1652 1809 1665 1803 1499 1734 1414 1412 1736 1591 1520 1254 1673 1804 1799 1625 1653 1527
1459 1602 1464 1557 1568 1346 1708 1468 1640 1487 1445 1664 1377 1679 1726 1659 1580 1629 1426 1680 1988 1580 1642 1664 1494 1511 1545 1551 1518 1481 1623 1552 1657 1649 1645 1577 1579 1462 1602 1548 1392 1581 1733 1490 1550 1775 1602 1709 1598 1705 1336 1573 1381 1332 1637 1544 1625 1379 1615 1710 1729 1743 1615 1700
1496 1766 1580 1605 1676 1482 1768 1631 1807 1759 1467 1794 1564 1947 1903 1862 1709 1650 1566 1749 2079 1419 1747 1633 1553 1687 1549 1587 1591 1565 1631 1546 1648 1937 1799 1739 1584 1537 1521 1623 1378 1681 1913 1555 1500 1900 1663 1827 1615 1805 1593 1624 1510 1485 1774 1586 1711 1442 1737 1850 1830 1678 1728 1692
1401 1603 1567 1538 1612 1432 1598 1477 1620 1463 1502 1691 1456 1676 1727 1690 1609 1544 1524 1651 1944 1492 1594 1713 1500 1479 1460 1501 1505 1384 1550 1421 1565 1829 1603 1637 1568 1388 1404 1583 1522 1543 1702 1504 1431 1751 1563 1736 1519 1647 1483 1604 1382 1433 1723 1565 1550 1356 1611 1752 1748 1620 1535 1558
1493 1681 1521 1705 1532 1527 1644 1523 1687 1515 1481 1676 1502 1697 1845 1809 1625 1585 1464 1677 1931 1586 1771 1586 1550 1571 1652 1638 1679 1585 1625 1462 1515 1795 1751 1596 1597 1473 1380 1558 1449 1522 1734 1546 1653 1784 1611 1796 1533 1634 1413 1588 1500 1329 1697 1565 1763 1346 1624 1788 1722 1734 1710 1550
1666 1858 1645 1657 1808 1651 1783 1660 1792 1617 1578 1818 1613 1871 1924 1942 1817 1719 1639 1877 2081 1848 1777 1699 1726 1487 1766 1679 1541 1562 1682 1655 1709 1895 1840 1766 1704 1533 1627 1698 1434 1702 2027 1646 1631 1991 1660 1855 1763 1782 1534 1717 1447 1439 1827 1601 1698 1500 1721 1834 1930 1750 1721 1720
1508 1572 1560 1646 1626 1314 1685 1509 1658 1484 1386 1598 1523 1788 1810 1663 1582 1597 1533 1666 1904 1539 1665 1649 1529 1651 1554 1480 1598 1424 1598 1407 1448 1797 1596 1624 1471 1385 1607 1606 1329 1598 1699 1428 1453 1798 1548 1746 1626 1685 1463 1600 1439 1340 1688 1553 1589 1335 1658 1750 1751 1714 1611 1467
1350 1542 1422 1475 1546 1406 1651 1467 1561 1494 1309 1584 1402 1770 1708 1622 1642 1544 1489 1610 1901 1611 1735 1554 1584 1587 1491 1503 1537 1464 1561 1410 1542 1738 1574 1569 1483 1464 1521 1453 1434 1603 1689 1422 1468 1761 1517 1671 1624 1620 1414 1599 1440 1218 1485 1523 1552 1318 1516 1823 1805 1642 1608 1555
1448 1657 1418 1596 1646 1403 1710 1571 1635 1459 1477 1650 1407 1736 1787 1744 1677 1572 1508 1739 1887 1628 1640 1550 1557 1447 1543 1502 1536 1511 1598 1467 1595 1743 1635 1678 1510 1557 1493 1516 1356 1514 1772 1464 1583 1776 1618 1709 1622 1669 1465 1512 1395 1317 1675 1522 1630 1350 1548 1774 1705 1647 1602 1618
1364 1444 1438 1453 1534 1330 1562 1390 1512 1387 1254 1566 1256 1608 1643 1507 1506 1538 1430 1514 1842 1385 1531 1466 1395 1420 1379 1414 1377 1347 1434 1362 1433 1568 1522 1506 1510 1305 1359 1389 1352 1548 1619 1343 1327 1624 1437 1617 1508 1521 1322 1515 1274 1252 1528 1435 1545 1250 1473 1609 1599 1541 1392 1449
1391 1591 1378 1538 1559 1289 1646 1452 1629 1470 1304 1618 1434 1698 1640 1679 1568 1514 1530 1563 1816 1583 1555 1562 1541 1378 1506 1496 1416 1392 1583 1479 1620 1771 1598 1583 1512 1427 1460 1524 1363 1517 1745 1496 1450 1674 1477 1609 1553 1697 1463 1500 1392 1306 1630 1501 1509 1235 1585 1699 1596 1661 1556 1550
1542 1647 1481 1761 1792 1517 1780 1607 1803 1641 1504 1777 1543 1878 1855 1888 1684 1634 1508 1732 2086 1583 1692 1746 1732 1644 1568 1663 1706 1523 1615 1586 1750 1845 1754 1704 1722 1517 1596 1605 1623 1597 1876 1624 1577 1938 1734 1868 1765 1786 1606 1789 1538 1407 1757 1771 1699 1508 1651 1942 1959 1656 1672 1649
1334 1461 1415 1526 1384 1188 1454 1341 1515 1371 1227 1410 1280 1551 1510 1622 1409 1412 1225 1524 1678 1442 1412 1378 1411 1338 1394 1374 1483 1379 1436 1359 1379 1455 1378 1350 1475 1243 1316 1225 1284 1339 1569 1419 1436 1637 1338 1545 1457 1463 1236 1455 1288 1160 1510 1311 1473 1154 1407 1499 1528 1578 1509 1438
1394 1677 1543 1653 1703 1584 1721 1548 1653 1579 1532 1690 1488 1744 1788 1758 1647 1606 1588 1699 1941 1535 1664 1691 1610 1612 1557 1568 1629 1393 1653 1487 1617 1863 1737 1642 1673 1466 1544 1590 1543 1694 1821 1630 1586 1827 1557 1759 1531 1721 1401 1620 1382 1303 1671 1507 1614 1476 1654 1725 1780 1715 1684 1631
1425 1691 1548 1693 1648 1491 1729 1621 1638 1597 1478 1667 1463 1860 1869 1770 1697 1595 1647 1741 1887 1640 1797 1701 1638 1666 1607 1622 1660 1503 1640 1561 1617 1793 1749 1637 1632 1414 1578 1460 1533 1697 1808 1612 1615 1803 1597 1810 1714 1715 1482 1612 1388 1261 1717 1521 1639 1383 1575 1830 1726 1766 1684 1662
1373 1379 1396 1484 1535 1274 1508 1483 1509 1372 1250 1639 1291 1539 1654 1624 1463 1447 1377 1524 1762 1464 1520 1451 1492 1347 1401 1367 1459 1379 1487 1488 1487 1574 1561 1522 1522 1323 1462 1415 1394 1519 1666 1504 1372 1641 1428 1638 1452 1471 1285 1450 1250 1290 1551 1412 1482 1293 1436 1551 1688 1499 1525 1503
1438 1597 1483 1569 1512 1408 1578 1452 1668 1512 1361 1682 1519 1805 1775 1710 1587 1505 1598 1617 1956 1520 1673 1535 1642 1591 1553 1444 1461 1471 1494 1388 1540 1831 1628 1566 1496 1413 1438 1618 1440 1632 1785 1479 1511 1653 1536 1681 1510 1666 1509 1570 1459 1318 1708 1552 1605 1245 1621 1791 1674 1771 1621 1609
1331 1591 1349 1518 1471 1319 1588 1337 1488 1377 1269 1555 1376 1595 1659 1615 1616 1515 1483 1499 1760 1491 1575 1518 1447 1430 1409 1401 1392 1367 1621 1439 1432 1581 1558 1518 1537 1294 1432 1422 1259 1361 1652 1402 1398 1705 1440 1600 1467 1471 1375 1462 1327 1231 1624 1456 1444 1168 1412 1631 1620 1619 1566 1476
1459 1703 1598 1696 1688 1425 1718 1651 1702 1574 1465 1683 1482 1881 1858 1789 1672 1675 1510 1683 1959 1627 1734 1623 1667 1617 1545 1462 1655 1569 1641 1526 1556 1771 1713 1750 1600 1419 1560 1570 1458 1715 1805 1600 1583 1854 1560 1782 1690 1744 1517 1573 1558 1414 1780 1632 1656 1353 1674 1869 1777 1742 1653 1583
1563 1800 1595 1665 1711 1487 1866 1581 1691 1597 1499 1765 1594 1774 1891 1777 1764 1755 1682 1755 2031 1623 1828 1747 1587 1649 1633 1704 1648 1587 1710 1576 1703 1937 1732 1757 1670 1553 1639 1655 1482 1778 1922 1580 1618 1862 1609 1810 1678 1774 1518 1557 1471 1397 1829 1634 1741 1471 1766 1880 1793 1791 1734 1669
1373 1588 1425 1476 1577 1288 1558 1425 1631 1508 1371 1515 1446 1618 1691 1685 1555 1510 1477 1525 1839 1478 1652 1538 1548 1379 1452 1410 1425 1301 1525 1329 1510 1788 1592 1557 1400 1376 1445 1493 1357 1510 1750 1388 1417 1735 1445 1572 1583 1681 1415 1412 1315 1286 1589 1423 1407 1205 1491 1659 1644 1600 1538 1547
1305 1297 1351 1328 1373 1206 1459 1333 1435 1266 1222 1553 1195 1501 1554 1440 1460 1459 1324 1358 1693 1365 1443 1354 1259 1378 1388 1294 1226 1315 1307 1252 1341 1510 1415 1358 1307 1213 1227 1312 1121 1417 1538 1288 1286 1464 1374 1571 1357 1429 1198 1425 1160 1273 1409 1273 1333 1069 1359 1517 1492 1405 1401 1359
1422 1511 1477 1626 1571 1451 1586 1489 1641 1587 1349 1660 1416 1749 1816 1759 1567 1574 1582 1563 1867 1449 1678 1599 1554 1520 1567 1401 1528 1447 1505 1391 1565 1818 1719 1607 1494 1368 1476 1557 1378 1768 1776 1481 1498 1751 1582 1663 1462 1760 1383 1608 1392 1334 1713 1386 1539 1342 1586 1667 1708 1788 1659 1577
1337 1497 1367 1527 1561 1383 1625 1417 1585 1526 1499 1663 1410 1771 1726 1774 1533 1487 1424 1695 1810 1426 1535 1552 1523 1480 1473 1385 1423 1435 1501 1366 1467 1657 1661 1564 1488 1362 1379 1524 1351 1612 1813 1381 1485 1668 1579 1668 1569 1659 1413 1565 1323 1340 1705 1527 1588 1259 1526 1710 1731 1584 1550 1534
1438 1599 1507 1562 1576 1347 1581 1605 1605 1427 1405 1637 1436 1609 1773 1739 1609 1640 1440 1657 1900 1649 1574 1562 1577 1469 1550 1466 1500 1449 1578 1398 1632 1664 1716 1573 1577 1420 1511 1560 1412 1518 1805 1457 1469 1835 1475 1736 1608 1679 1338 1633 1391 1280 1639 1502 1601 1384 1600 1680 1781 1695 1564 1587
1618 1776 1664 1688 1760 1520 1737 1619 1715 1598 1572 1761 1633 2007 1940 1834 1735 1605 1608 1711 2107 1660 1769 1750 1754 1720 1725 1789 1648 1584 1610 1626 1642 1966 1808 1820 1639 1468 1591 1703 1522 1789 1959 1651 1572 1889 1616 1914 1762 1881 1618 1628 1593 1507 1803 1803 1639 1450 1748 1858 1834 1793 1710 1650
1499 1669 1595 1599 1628 1442 1645 1536 1755 1685 1476 1722 1447 1867 1797 1870 1665 1655 1509 1728 1960 1500 1800 1628 1612 1559 1549 1562 1622 1591 1597 1534 1594 1912 1806 1637 1659 1524 1547 1618 1501 1747 1780 1635 1534 1786 1611 1762 1634 1754 1530 1593 1477 1420 1792 1608 1627 1379 1640 1804 1807 1687 1690 1581
1416 1624 1450 1644 1622 1447 1726 1599 1756 1600 1472 1694 1600 1747 1809 1727 1617 1590 1570 1626 2102 1604 1668 1744 1603 1531 1579 1562 1522 1447 1556 1459 1621 1860 1631 1715 1634 1484 1516 1673 1571 1588 1963 1505 1547 1769 1570 1700 1637 1736 1424 1584 1381 1423 1720 1637 1622 1378 1674 1776 1790 1709 1680 1642
1391 1550 1662 1567 1564 1457 1752 1578 1629 1637 1387 1646 1566 1775 1913 1781 1642 1590 1592 1608 1993 1546 1683 1687 1579 1625 1536 1537 1599 1499 1654 1532 1699 1828 1711 1590 1572 1511 1497 1577 1504 1772 1831 1583 1477 1797 1572 1807 1673 1767 1480 1594 1452 1393 1707 1587 1693 1413 1641 1911 1826 1722 1623 1592
1631 1647 1617 1641 1799 1471 1785 1615 1809 1654 1587 1763 1482 1911 1993 1812 1751 1738 1678 1804 2114 1735 1961 1704 1705 1658 1600 1589 1632 1576 1766 1500 1606 1910 1764 1740 1618 1576 1660 1635 1513 1767 1980 1567 1707 1949 1701 1879 1851 1795 1570 1646 1471 1415 1841 1719 1814 1422 1686 1957 1917 1912 1670 1848
1499 1688 1414 1704 1742 1453 1686 1579 1649 1471 1466 1684 1489 1778 1826 1774 1745 1635 1458 1733 1935 1532 1685 1633 1619 1537 1581 1518 1618 1488 1553 1475 1606 1804 1689 1727 1578 1536 1570 1541 1470 1552 1852 1541 1518 1839 1606 1706 1617 1656 1505 1551 1431 1401 1748 1637 1578 1350 1586 1743 1769 1631 1707 1532
1307 1400 1413 1443 1509 1313 1495 1454 1462 1328 1246 1517 1316 1690 1715 1568 1436 1409 1415 1492 1711 1461 1406 1482 1516 1443 1412 1375 1409 1350 1418 1376 1444 1550 1454 1467 1480 1322 1347 1494 1256 1535 1640 1383 1315 1602 1398 1609 1427 1477 1275 1455 1350 1238 1504 1471 1468 1234 1456 1617 1546 1540 1449 1470
1314 1513 1470 1564 1525 1258 1652 1398 1584 1356 1252 1600 1433 1566 1745 1728 1507 1528 1482 1685 1779 1515 1626 1633 1520 1482 1381 1451 1501 1440 1548 1449 1448 1718 1474 1618 1611 1394 1421 1484 1441 1630 1729 1483 1501 1648 1592 1646 1566 1606 1308 1557 1328 1313 1674 1479 1526 1259 1594 1698 1703 1638 1582 1489
1446 1551 1447 1494 1545 1468 1619 1544 1565 1475 1319 1665 1504 1746 1718 1562 1590 1493 1524 1541 1848 1617 1632 1597 1395 1565 1527 1619 1619 1413 1522 1542 1488 1770 1622 1571 1438 1454 1459 1504 1302 1575 1760 1487 1433 1757 1499 1668 1481 1568 1387 1470 1422 1305 1629 1470 1624 1416 1655 1656 1711 1553 1546 1464
1367 1403 1282 1427 1428 1289 1539 1479 1586 1394 1268 1475 1338 1563 1605 1593 1585 1428 1398 1438 1731 1466 1516 1541 1364 1342 1400 1348 1520 1285 1464 1339 1417 1651 1539 1421 1279 1329 1376 1313 1194 1418 1581 1288 1426 1592 1437 1481 1484 1597 1348 1490 1214 1202 1487 1344 1415 1215 1460 1544 1572 1431 1443 1467
1434 1621 1546 1615 1680 1452 1769 1522 1638 1517 1440 1725 1498 1817 1835 1785 1657 1626 1530 1672 2044 1484 1577 1649 1578 1633 1473 1557 1500 1476 1508 1503 1627 1880 1663 1786 1614 1543 1476 1634 1444 1696 1896 1529 1457 1832 1624 1758 1678 1809 1529 1596 1478 1455 1734 1735 1595 1471 1659 1835 1837 1616 1574 1604
1571 1786 1686 1723 1868 1585 1971 1694 1815 1632 1575 1948 1560 1986 1966 1880 1700 1838 1719 1846 2091 1758 1815 1733 1736 1640 1675 1680 1777 1605 1832 1586 1857 1891 1829 1833 1821 1682 1718 1732 1530 1802 1904 1780 1620 1989 1746 1886 1780 1818 1621 1839 1535 1445 1775 1560 1817 1502 1783 1866 1965 1882 1750 1746
1432 1591 1456 1467 1586 1338 1593 1449 1548 1357 1421 1619 1304 1741 1690 1589 1518 1525 1551 1641 1779 1570 1581 1615 1469 1461 1572 1477 1384 1382 1492 1366 1486 1727 1595 1579 1462 1423 1496 1525 1242 1553 1748 1349 1471 1762 1542 1672 1473 1648 1375 1409 1335 1311 1597 1488 1458 1229 1515 1663 1543 1650 1495 1595
1511 1683 1566 1508 1728 1464 1597 1492 1652 1519 1368 1716 1552 1771 1878 1698 1622 1564 1555 1778 1879 1658 1745 1552 1635 1548 1525 1598 1535 1413 1597 1543 1645 1780 1705 1528 1561 1518 1597 1607 1418 1707 1825 1631 1480 1785 1575 1773 1609 1657 1486 1631 1413 1354 1710 1486 1608 1343 1602 1801 1817 1672 1621 1584
1485 1669 1472 1585 1612 1365 1801 1422 1705 1520 1526 1758 1521 1733 1719 1764 1549 1617 1509 1715 2008 1584 1606 1534 1594 1584 1467 1470 1603 1507 1568 1475 1534 1809 1592 1659 1597 1450 1471 1626 1445 1590 1781 1563 1516 1802 1568 1741 1658 1729 1528 1505 1383 1362 1691 1556 1606 1395 1593 1794 1791 1558 1586 1507
1424 1717 1580 1656 1564 1433 1650 1496 1684 1588 1399 1618 1466 1729 1765 1796 1712 1420 1456 1577 1784 1583 1658 1600 1533 1582 1558 1530 1566 1387 1584 1510 1549 1741 1716 1568 1513 1451 1492 1503 1377 1657 1791 1526 1540 1763 1492 1743 1588 1603 1416 1608 1330 1290 1653 1416 1547 1251 1556 1745 1788 1561 1578 1465
1484 1585 1437 1645 1627 1379 1602 1536 1640 1532 1414 1637 1407 1802 1696 1729 1640 1490 1406 1672 1904 1609 1678 1709 1611 1500 1445 1495 1687 1488 1603 1488 1507 1702 1638 1595 1668 1405 1512 1528 1457 1604 1794 1530 1637 1781 1591 1738 1637 1631 1450 1600 1476 1258 1783 1632 1628 1287 1609 1779 1774 1730 1606 1549
1452 1680 1541 1626 1723 1499 1759 1526 1722 1564 1474 1779 1550 1844 1839 1761 1620 1728 1506 1704 2022 1636 1746 1572 1672 1610 1600 1547 1527 1482 1631 1441 1583 1829 1671 1748 1660 1491 1572 1733 1435 1642 1917 1590 1532 1828 1618 1789 1708 1716 1495 1617 1444 1372 1707 1592 1603 1334 1708 1855 1874 1693 1671 1594
1287 1420 1433 1588 1503 1377 1510 1480 1466 1378 1374 1622 1247 1705 1631 1535 1573 1401 1394 1531 1799 1521 1547 1550 1466 1489 1450 1409 1445 1380 1416 1371 1457 1599 1625 1576 1539 1340 1353 1384 1456 1551 1718 1504 1449 1608 1453 1710 1533 1541 1306 1581 1284 1253 1520 1452 1443 1250 1429 1607 1672 1582 1534 1513
1265 1467 1308 1376 1399 1308 1501 1428 1484 1373 1251 1513 1307 1597 1607 1480 1524 1328 1402 1530 1703 1485 1549 1586 1322 1413 1376 1397 1455 1191 1470 1386 1388 1596 1502 1513 1316 1293 1350 1379 1317 1457 1628 1244 1383 1589 1443 1515 1473 1506 1259 1391 1217 1232 1511 1383 1469 1195 1421 1591 1574 1430 1352 1433
1349 1676 1515 1624 1609 1445 1707 1505 1640 1578 1437 1776 1551 1709 1860 1750 1714 1597 1602 1677 1932 1595 1736 1636 1600 1578 1540 1639 1562 1613 1694 1530 1647 1755 1725 1755 1618 1461 1534 1508 1495 1709 1862 1649 1542 1833 1577 1784 1555 1753 1470 1673 1439 1376 1755 1535 1636 1330 1620 1768 1827 1682 1714 1701
1442 1581 1550 1602 1552 1493 1664 1504 1659 1538 1366 1695 1448 1765 1773 1638 1649 1449 1564 1620 1867 1537 1625 1634 1492 1606 1488 1565 1555 1371 1627 1583 1582 1712 1663 1536 1529 1423 1511 1480 1387 1604 1735 1521 1596 1781 1614 1868 1574 1644 1325 1635 1394 1310 1595 1489 1641 1337 1494 1879 1779 1575 1591 1568
1667 1769 1656 1769 1796 1624 1902 1658 1777 1578 1625 1989 1586 1934 1958 1888 1874 1790 1752 1892 2156 1754 1808 1864 1754 1773 1670 1633 1749 1632 1710 1628 1763 1981 1870 1816 1762 1529 1713 1752 1632 1822 1905 1667 1705 2063 1792 2009 1717 1815 1659 1784 1546 1482 1923 1758 1834 1553 1701 1840 1996 1778 1822 1715
1626 1848 1603 1877 1797 1497 1915 1730 1846 1750 1662 1827 1619 1898 2008 1947 1768 1731 1595 1839 2134 1661 1848 1824 1700 1772 1731 1748 1782 1638 1748 1612 1857 1941 1898 1826 1741 1648 1727 1742 1530 1748 1973 1722 1648 1997 1734 1944 1767 1921 1587 1757 1481 1456 1851 1722 1760 1508 1738 1969 1942 1765 1765 1728
1537 1594 1430 1590 1686 1461 1636 1641 1649 1576 1395 1725 1390 1862 1801 1707 1685 1585 1504 1646 1839 1684 1761 1706 1618 1583 1550 1631 1681 1449 1628 1529 1662 1753 1747 1566 1589 1444 1534 1494 1437 1622 1764 1592 1518 1815 1607 1737 1648 1730 1464 1662 1484 1312 1705 1567 1616 1329 1660 1725 1786 1746 1654 1618
1577 1718 1543 1704 1710 1491 1690 1631 1794 1602 1552 1748 1490 1778 1830 1842 1609 1544 1474 1820 2059 1618 1646 1696 1640 1602 1624 1596 1607 1467 1579 1533 1611 1850 1781 1640 1681 1481 1489 1671 1503 1633 1874 1501 1542 1916 1654 1784 1581 1805 1502 1649 1410 1450 1734 1656 1637 1447 1694 1781 1775 1647 1584 1659
1516 1596 1359 1541 1644 1399 1613 1494 1680 1564 1363 1623 1477 1862 1744 1650 1610 1514 1539 1626 1987 1587 1704 1624 1613 1532 1501 1546 1620 1425 1550 1478 1607 1769 1658 1568 1518 1402 1615 1508 1294 1623 1758 1535 1503 1839 1577 1639 1582 1729 1483 1593 1414 1272 1643 1531 1526 1311 1523 1653 1705 1714 1624 1699
1402 1586 1515 1649 1566 1486 1660 1597 1651 1552 1409 1641 1466 1756 1784 1713 1694 1591 1514 1639 1904 1669 1658 1686 1523 1597 1618 1554 1571 1499 1540 1452 1585 1814 1725 1597 1532 1463 1488 1496 1450 1594 1790 1527 1527 1824 1573 1794 1620 1697 1411 1665 1399 1273 1641 1522 1655 1399 1651 1682 1810 1693 1715 1578
1336 1538 1411 1505 1541 1375 1595 1395 1538 1387 1280 1640 1385 1594 1724 1564 1491 1573 1436 1567 1925 1413 1591 1569 1452 1452 1526 1476 1432 1351 1486 1415 1574 1694 1586 1557 1532 1441 1435 1507 1427 1581 1741 1400 1427 1693 1522 1586 1430 1634 1335 1549 1324 1376 1542 1525 1499 1298 1500 1674 1670 1583 1557 1523
1300 1656 1421 1539 1579 1380 1748 1417 1609 1468 1438 1668 1476 1781 1808 1693 1710 1566 1558 1638 1847 1526 1563 1642 1477 1570 1567 1492 1483 1458 1531 1397 1635 1722 1647 1748 1412 1460 1604 1516 1332 1658 1744 1386 1450 1780 1629 1663 1606 1720 1487 1650 1356 1326 1641 1463 1517 1307 1539 1727 1747 1531 1561 1508
1431 1608 1556 1704 1681 1366 1727 1535 1733 1467 1527 1719 1482 1708 1814 1749 1645 1659 1662 1743 1933 1638 1628 1626 1533 1564 1589 1581 1543 1530 1656 1533 1558 1856 1593 1782 1643 1548 1538 1587 1558 1602 1780 1560 1524 1812 1656 1753 1687 1729 1434 1635 1436 1435 1653 1575 1606 1409 1635 1825 1748 1701 1630 1629
1518 1635 1590 1661 1693 1408 1676 1529 1605 1467 1497 1595 1496 1754 1879 1684 1532 1574 1650 1694 1950 1618 1750 1696 1699 1638 1601 1564 1536 1484 1566 1468 1523 1817 1744 1612 1623 1436 1630 1631 1446 1814 1816 1592 1527 1806 1476 1776 1579 1668 1389 1520 1416 1281 1705 1621 1614 1453 1618 1743 1718 1779 1660 1615
1512 1717 1575 1704 1701 1522 1694 1644 1768 1613 1431 1726 1466 1842 1897 1704 1673 1601 1658 1695 1863 1677 1851 1773 1554 1708 1607 1637 1638 1343 1680 1540 1673 1848 1812 1582 1543 1536 1615 1619 1432 1650 1839 1487 1547 1903 1703 1763 1688 1697 1443 1681 1486 1319 1730 1554 1662 1354 1710 1906 1775 1740 1570 1582
1570 1770 1619 1695 1805 1610 1913 1611 1776 1638 1547 1918 1589 1900 1920 1783 1698 1761 1722 1778 2093 1729 1816 1677 1610 1592 1653 1710 1664 1567 1752 1574 1737 1925 1876 1829 1722 1663 1610 1681 1448 1747 2023 1636 1658 2000 1707 1869 1759 1826 1551 1693 1503 1488 1807 1661 1786 1473 1702 1893 1937 1727 1702 1734
1095 1260 1192 1244 1226 1095 1316 1174 1164 1187 981 1178 1087 1348 1403 1266 1123 1104 1121 1259 1472 1186 1184 1243 1156 1152 1178 1094 1195 951 1201 1134 1255 1348 1233 1213 1168 1144 1091 1136 1043 1321 1474 1158 1111 1379 1108 1197 1200 1280 1062 1162 1018 977 1238 1147 1209 1074 1217 1335 1248 1205 1145 1157
